0 0.879635 0.786262 0.084771 0.085058
0 0.983279 0.648908 0.033443 0.191950
0 0.960651 0.436267 0.078698 0.100000
0 0.982919 0.332242 0.034161 0.124133
0 0.930997 0.330521 0.078307 0.116092
0 0.952784 0.234537 0.094432 0.080458
1 0.381862 0.530517 0.034484 0.077017
1 0.562141 0.414425 0.038865 0.070117
1 0.530927 0.374196 0.045260 0.070108
1 0.557112 0.323617 0.047484 0.063233
0 0.802477 0.930404 0.094109 0.120692
1 0.429919 0.548908 0.034484 0.072417
1 0.553878 0.812700 0.051078 0.059767
1 0.541990 0.743163 0.044542 0.074708
1 0.569685 0.680458 0.051078 0.059883
1 0.521193 0.682813 0.047490 0.052875
1 0.567201 0.613275 0.054609 0.063217
1 0.405891 0.615575 0.046771 0.067817
0 0.979208 0.896608 0.040958 0.179317
0 0.946120 0.879367 0.043896 0.172417
0 0.924247 0.827642 0.073276 0.165517
