0 0.867815 0.936262 0.092599 0.120692
1 0.689693 0.098904 0.042385 0.082758
1 0.621013 0.340858 0.053161 0.065517
1 0.593068 0.383392 0.050292 0.067817
1 0.630424 0.421321 0.045974 0.072408
1 0.445055 0.543737 0.041766 0.087358
1 0.494612 0.565004 0.037286 0.077008
1 0.469466 0.629367 0.048922 0.067817
1 0.571148 0.540288 0.049589 0.064375
1 0.549604 0.607517 0.043823 0.067800
1 0.603807 0.594888 0.048927 0.063225
1 0.580784 0.643733 0.051724 0.059767
0 0.506141 0.071325 0.120688 0.133333
0 0.549893 0.183967 0.077589 0.167817
0 0.429273 0.232242 0.053161 0.179317
0 0.476328 0.224771 0.046698 0.173558
0 0.750682 0.344883 0.075427 0.142533
0 0.566846 0.433967 0.092672 0.173567
0 0.699747 0.450058 0.094109 0.129883
0 0.804562 0.473621 0.089802 0.131042
0 0.834016 0.393738 0.048135 0.155175
0 0.955063 0.163279 0.061781 0.181608
0 0.984555 0.242008 0.028807 0.136783
0 0.915266 0.381667 0.084052 0.112650
0 0.941453 0.802354 0.086135 0.075858
0 0.972503 0.866146 0.054995 0.113792
