0 0.787976 0.138550 0.101147 0.162070
0 0.702915 0.146599 0.108047 0.152866
0 0.606938 0.109236 0.175859 0.064370
0 0.805791 0.025330 0.118389 0.048276
0 0.360962 0.534524 0.132188 0.144829
0 0.570732 0.023030 0.165518 0.043677
0 0.421306 0.069583 0.167817 0.081606
0 0.446021 0.037400 0.164365 0.074712
0 0.281650 0.024756 0.088506 0.049424
1 0.377056 0.911538 0.060918 0.073564
0 0.725330 0.042571 0.139077 0.078159
0 0.524756 0.478210 0.135635 0.080444
0 0.466135 0.448323 0.167817 0.103452
0 0.313835 0.421880 0.141382 0.131035
0 0.362688 0.374756 0.140229 0.080459
0 0.391421 0.286826 0.112646 0.122988
0 0.423608 0.369583 0.091943 0.155171
0 0.520159 0.318433 0.163218 0.126436
0 0.816709 0.392573 0.186211 0.077012
0 0.743145 0.246021 0.200000 0.098848
0 0.646594 0.340847 0.071265 0.175864
0 0.604060 0.209238 0.085044 0.156318
0 0.532795 0.252341 0.112632 0.093101
0 0.295444 0.273032 0.109199 0.145977
0 0.409238 0.179929 0.187354 0.090806
0 0.899468 0.246021 0.147129 0.170117
0 0.698318 0.820730 0.167817 0.105747
0 0.812112 0.769006 0.156323 0.140229
0 0.457515 0.748894 0.116094 0.152876
0 0.328779 0.788547 0.145977 0.121841
0 0.311538 0.721880 0.122988 0.103447
0 0.245444 0.740271 0.133330 0.151724
0 0.631650 0.689124 0.114941 0.132183
0 0.596018 0.604065 0.144829 0.129888
0 0.423608 0.627637 0.091943 0.154004
0 0.510388 0.554641 0.102300 0.093101
0 0.816716 0.557512 0.202280 0.075864
0 0.756365 0.503491 0.178159 0.075859
0 0.222456 0.595444 0.126436 0.154023
0 0.039124 0.589692 0.074712 0.101162
1 0.361538 0.104065 0.073564 0.063218
1 0.489124 0.146594 0.078159 0.058618
1 0.359812 0.625330 0.058618 0.078159
1 0.575906 0.778779 0.079312 0.072412
1 0.677627 0.665562 0.057471 0.085059
1 0.434526 0.962686 0.070117 0.070117
0 0.581653 0.951191 0.132183 0.077012
0 0.260962 0.973032 0.173564 0.031035
0 0.188547 0.937397 0.136782 0.100000
0 0.331077 0.890273 0.129888 0.168965
0 0.696021 0.887400 0.177012 0.064370
0 0.556938 0.864985 0.183906 0.060918
