0 0.280476 0.530479 0.120688 0.173564
0 0.470708 0.477029 0.091953 0.174712
0 0.652317 0.445420 0.094253 0.150576
0 0.620132 0.570708 0.149424 0.127588
0 0.497720 0.706338 0.129883 0.185059
0 0.351741 0.179326 0.171265 0.114941
0 0.669558 0.863811 0.193101 0.081606
0 0.420706 0.872432 0.086206 0.165518
1 0.307488 0.812085 0.071265 0.083906
0 0.295994 0.959211 0.078159 0.079312
0 0.143120 0.959211 0.073564 0.079312
0 0.571855 0.690247 0.147129 0.136782
0 0.479902 0.266682 0.151729 0.128735
0 0.564961 0.137373 0.154023 0.111494
