1 0.522961 0.682817 0.048109 0.057467
0 0.951867 0.231662 0.094182 0.065508
0 0.924964 0.320171 0.064656 0.109192
0 0.978646 0.330517 0.042708 0.120683
0 0.963560 0.433392 0.072880 0.096550
0 0.983279 0.652354 0.033443 0.189658
0 0.880388 0.785112 0.083266 0.078158
0 0.924174 0.822475 0.076151 0.166667
0 0.947953 0.879367 0.041667 0.165517
0 0.979479 0.903508 0.040208 0.174717
0 0.804992 0.932817 0.096266 0.129883
1 0.555997 0.325354 0.048130 0.059792
1 0.529813 0.375342 0.043031 0.067817
1 0.561099 0.413850 0.042385 0.075867
1 0.380388 0.528217 0.035849 0.077017
1 0.428844 0.550629 0.036635 0.078158
1 0.406609 0.616725 0.045188 0.067817
1 0.570768 0.612700 0.047474 0.057467
1 0.569326 0.677642 0.047484 0.058617
1 0.544219 0.744883 0.040229 0.075867
1 0.554596 0.813850 0.049495 0.059767
