0 0.210928 0.845884 0.089971 0.181416
0 0.485266 0.964617 0.157817 0.067847
0 0.655618 0.846619 0.162241 0.112095
0 0.505913 0.844409 0.089971 0.181416
0 0.615796 0.741165 0.176992 0.101772
0 0.384968 0.797209 0.154868 0.104722
0 0.394556 0.702080 0.123896 0.138643
0 0.535413 0.629070 0.107671 0.157817
0 0.587773 0.536887 0.138643 0.147495
0 0.435854 0.556797 0.091445 0.146016
0 0.615056 0.029512 0.110620 0.058994
0 0.069336 0.120957 0.084072 0.153389
0 0.208716 0.170366 0.174043 0.084072
0 0.332607 0.079658 0.141592 0.135693
0 0.432903 0.081135 0.067847 0.156343
0 0.493376 0.070073 0.079644 0.137168
0 0.418892 0.221252 0.178467 0.129790
0 0.610632 0.241165 0.119468 0.163716
0 0.505181 0.314912 0.073740 0.163711
0 0.311223 0.297209 0.143071 0.107671
0 0.266975 0.345884 0.128315 0.122422
0 0.049048 0.441753 0.098096 0.092920
0 0.421096 0.445442 0.212407 0.067847
1 0.396033 0.384231 0.073745 0.069321
1 0.203550 0.705037 0.051631 0.076675
1 0.369482 0.947654 0.061943 0.078169
0 0.351785 0.529512 0.073745 0.132744
0 0.236741 0.545735 0.159292 0.073745
0 0.213877 0.593672 0.169619 0.060469
0 0.275825 0.670366 0.087021 0.140117
0 0.283198 0.766963 0.057520 0.159316
