0 0.811958 0.427004 0.135693 0.146021
0 0.570073 0.837771 0.079648 0.168140
0 0.182903 0.596621 0.116519 0.146016
0 0.643081 0.539836 0.110615 0.171089
0 0.578921 0.497063 0.103242 0.100298
1 0.399719 0.410042 0.072271 0.070796
1 0.508123 0.783196 0.067837 0.082603
0 0.572285 0.303110 0.122422 0.163721
0 0.775825 0.260339 0.104717 0.166665
0 0.452080 0.376855 0.138643 0.140117
0 0.417417 0.046475 0.075225 0.092920
0 0.491912 0.125383 0.120962 0.165190
0 0.542048 0.129070 0.064897 0.146021
0 0.599570 0.130544 0.073750 0.148970
0 0.694702 0.128335 0.128320 0.091436
1 0.396768 0.077446 0.057520 0.078174
1 0.449866 0.282463 0.081118 0.063423
