0 0.668892 0.195442 0.082598 0.157817
0 0.763286 0.279512 0.144541 0.143066
0 0.571548 0.275085 0.120947 0.119468
0 0.478638 0.393821 0.132764 0.115044
0 0.315649 0.570073 0.140117 0.146016
0 0.519187 0.545737 0.069321 0.188789
0 0.599570 0.541311 0.129795 0.144546
0 0.682905 0.827446 0.101768 0.171094
0 0.530986 0.901931 0.184365 0.081118
0 0.365059 0.946179 0.147490 0.104722
0 0.345146 0.057527 0.072275 0.115024
0 0.375381 0.126118 0.091445 0.178467
0 0.521399 0.146768 0.171089 0.148965
0 0.740427 0.093672 0.146021 0.178467
1 0.429216 0.019187 0.069321 0.032446
1 0.433640 0.148982 0.072271 0.076694
1 0.297939 0.344409 0.066387 0.087021
1 0.879070 0.721990 0.057524 0.075220
1 0.393818 0.466089 0.078174 0.079648
0 0.470515 0.263286 0.131265 0.128320
