0 0.473464 0.367268 0.087017 0.162241
1 0.750750 0.973467 0.078169 0.047197
1 0.471252 0.781726 0.079644 0.070796
1 0.519187 0.578923 0.066372 0.075220
0 0.285413 0.941755 0.103247 0.113569
0 0.606208 0.891606 0.146021 0.148965
0 0.827446 0.689541 0.101768 0.181416
0 0.279514 0.694705 0.159292 0.159292
0 0.275823 0.512549 0.110620 0.178467
0 0.119482 0.427742 0.128320 0.156343
0 0.452815 0.109897 0.069321 0.181416
0 0.629807 0.180691 0.172563 0.075220
0 0.500752 0.252964 0.141592 0.104717
0 0.648979 0.365056 0.181416 0.069321
