0 0.426267 0.789099 0.175513 0.097349
0 0.744851 0.780251 0.137173 0.115044
1 0.309009 0.547949 0.082598 0.048672
1 0.587034 0.783938 0.084067 0.063423
1 0.445435 0.870220 0.063428 0.064893
1 0.808999 0.952817 0.056025 0.088496
0 0.357683 0.050898 0.097349 0.101768
0 0.493376 0.086296 0.165190 0.087017
0 0.501487 0.148979 0.154868 0.141592
0 0.504438 0.222727 0.187314 0.106196
0 0.558274 0.311960 0.156343 0.078169
0 0.725676 0.168157 0.113569 0.162241
1 0.449128 0.274348 0.076694 0.070796
0 0.435117 0.401194 0.078174 0.174038
0 0.744851 0.339246 0.187319 0.109146
0 0.181423 0.620220 0.078179 0.184365
0 0.487478 0.576709 0.112095 0.129795
0 0.632019 0.541311 0.082593 0.171089
0 0.716089 0.549424 0.135693 0.169619
0 0.948389 0.590723 0.098828 0.131270
0 0.434380 0.019924 0.135693 0.036870
0 0.614319 0.040574 0.117993 0.078169
0 0.788359 0.044998 0.182891 0.078169
