1 0.404849 0.616725 0.048854 0.063217
0 0.951669 0.235117 0.096661 0.072417
0 0.931753 0.323621 0.078234 0.102292
0 0.982003 0.324767 0.032328 0.097700
0 0.962805 0.431667 0.074391 0.104600
0 0.983279 0.652358 0.033443 0.194250
0 0.881107 0.786262 0.081828 0.082758
0 0.805352 0.933967 0.094109 0.129883
0 0.917745 0.829942 0.068896 0.167817
0 0.939654 0.886267 0.028089 0.160917
0 0.977982 0.901496 0.038505 0.163792
1 0.556357 0.324196 0.048849 0.059775
1 0.529813 0.375917 0.041594 0.066667
1 0.562464 0.412700 0.039510 0.071267
1 0.379706 0.528792 0.037359 0.078167
1 0.428932 0.551200 0.038073 0.074733
1 0.569310 0.613850 0.054557 0.055167
1 0.521948 0.683983 0.047417 0.055200
1 0.570404 0.678217 0.049641 0.059767
1 0.544156 0.744883 0.041646 0.073567
1 0.553878 0.812700 0.051078 0.059767
