0 0.945797 0.881667 0.038792 0.154017
0 0.920654 0.832817 0.070401 0.157467
0 0.878987 0.785687 0.080464 0.079308
0 0.982237 0.648908 0.035526 0.191950
0 0.985669 0.329946 0.028016 0.117242
0 0.932438 0.327642 0.082615 0.126433
0 0.951471 0.235683 0.096266 0.075867
0 0.961404 0.437429 0.077193 0.093142
1 0.555997 0.813850 0.048130 0.059767
1 0.546737 0.745458 0.038089 0.077017
1 0.571445 0.678792 0.050286 0.056317
1 0.522664 0.686262 0.045974 0.055175
1 0.572570 0.616725 0.049620 0.060917
1 0.406609 0.619025 0.046625 0.065517
1 0.430638 0.550629 0.035922 0.078158
1 0.380784 0.532242 0.036641 0.080467
1 0.563615 0.413275 0.040229 0.079317
1 0.529813 0.373046 0.043031 0.072408
1 0.556359 0.324771 0.044542 0.060925
0 0.804956 0.932242 0.094901 0.126433
0 0.982081 0.901208 0.035214 0.170117
